   1.0000000000000000        1.0000000000000000        0.0000000000000000       -0.0000000000000000        0.0000000000000000       -0.0000000000000000     
   1.0040000000000000       0.97248049514403301        5.2566513251028839E-002  -3.9160288395061776E-002   1.7365723127572036E-002  -3.2524431275720166E-003
   1.0080000000000000       0.94547360131687230       0.10361354534979433       -7.6660021728395158E-002   3.3918335473251078E-002  -6.3454604115226326E-003
   1.0120000000000000       0.91897343999999992       0.15316224000000012      -0.11252736000000012        4.9674240000000057E-002  -9.2825599999999970E-003
   1.0160000000000000       0.89297416427983545       0.20123361448559687      -0.14679027358024707        6.4649713251028904E-002  -1.2067218436213988E-002
   1.0200000000000000       0.86746995884773648       0.24784855967078212      -0.17947654320987674        7.8860905349794327E-002  -1.4702880658436208E-002
   1.0240000000000000       0.84245503999999993       0.29302784000000021      -0.21061376000000023        9.2323840000000129E-002  -1.7192959999999990E-002
   1.0280000000000000       0.81792365563786007       0.33679209349794270      -0.24022932543209904       0.10505441448559683       -1.9540838189300407E-002
   1.0320000000000000       0.79387008526748948       0.37916183176954765      -0.26835045135802499       0.11706839967078204       -2.1749865349794228E-002
   1.0360000000000000       0.77028863999999986       0.42015744000000033      -0.29500416000000035       0.12838144000000018       -2.3823359999999991E-002
   1.0400000000000000       0.74717366255144024       0.45979917695473277      -0.32021728395061760       0.13900905349794251       -2.5764609053497933E-002
   1.0440000000000000       0.72451952724279811       0.49810717497942425      -0.34401646617283987       0.14896663176954753       -2.7576867818930033E-002
   1.0480000000000000       0.70232063999999983       0.53510144000000026      -0.36642816000000034       0.15826944000000018       -2.9263359999999985E-002
   1.0520000000000000       0.68057143835390921       0.57080185152263407      -0.38747862913580278       0.16693261695473269       -3.0827277695473228E-002
   1.0560000000000000       0.65926639144032906       0.60522816263374524      -0.40719394765432132       0.17497117497942405       -3.2271781399176934E-002
   1.0600000000000001       0.63839999999999975       0.63840000000000030      -0.42560000000000037       0.18240000000000017       -3.3599999999999984E-002
   1.0640000000000001       0.61796679637860052       0.67033686386831315      -0.44272248098765477       0.18923385152263392       -3.4815030781892985E-002
   1.0680000000000001       0.59796134452674876       0.70105812806584411      -0.45858689580246953       0.19548736263374503       -3.5919939423868293E-002
   1.0720000000000001       0.57837823999999971       0.73058304000000041      -0.47321856000000045       0.20117504000000019       -3.6917759999999973E-002
   1.0760000000000001       0.55921210995884740       0.75893072065843670      -0.48664259950617322       0.20631126386831297       -3.7811494979423842E-002
   1.0800000000000001       0.54045761316872398       0.78612016460905398      -0.49888395061728441       0.21091028806584386       -3.8604115226337415E-002
   1.0840000000000001       0.52210943999999959       0.81217024000000049      -0.50996736000000031       0.21498624000000022       -3.9298559999999969E-002
   1.0880000000000001       0.50416231242798315       0.83709968855967121      -0.51991738469135840       0.21855312065843641       -3.9897736954732477E-002
   1.0920000000000001       0.48661098403292136       0.86092712559670848      -0.52875839209876596       0.22162480460905370       -4.0404522139917673E-002
   1.0960000000000001       0.46945023999999969       0.88367104000000041      -0.53651456000000020       0.22421504000000012       -4.0821759999999957E-002
   1.1000000000000001       0.45267489711934117       0.90534979423868367      -0.54320987654321018       0.22633744855967095       -4.1152263374485569E-002
   1.1040000000000001       0.43627980378600795       0.92598162436214038      -0.54886814024691399       0.22800552559670800       -4.1398813497942354E-002
   1.1080000000000001       0.42025983999999966       0.94558464000000042      -0.55351296000000028       0.22923264000000015       -4.1564159999999961E-002
   1.1120000000000001       0.40460991736625479       0.96417682436214025      -0.55716775506172866       0.23003203423868326       -4.1651020905349750E-002
   1.1160000000000001       0.38932497909464986       0.98177603423868376      -0.55985575506172869       0.23041682436214006       -4.1662082633744817E-002
   1.1200000000000001       0.37439999999999973       0.99840000000000040      -0.56160000000000021       0.23040000000000013       -4.1599999999999950E-002
   1.1240000000000001       0.35982998650205728        1.0140663255967084      -0.56242334024691387       0.22999442436214002       -4.1467396213991724E-002
   1.1280000000000001       0.34560997662551396        1.0287924885596713      -0.56234843654320998       0.22921283423868324       -4.1266862880658381E-002
   1.1320000000000001       0.33173503999999976        1.0425958400000006      -0.56139776000000019       0.22806784000000008       -4.1000959999999947E-002
   1.1360000000000001       0.31820027786008187        1.0554936046090539      -0.55959359209876569       0.22657192559670791       -4.0672215967078137E-002
   1.1400000000000001       0.30500082304526710        1.0675028806584366      -0.55695802469135824       0.22473744855967082       -4.0283127572016415E-002
   1.1440000000000001       0.29213183999999964        1.0786406400000006      -0.55351296000000016       0.22257664000000010       -3.9836159999999940E-002
   1.1480000000000001       0.27958852477366219        1.0889237280658439      -0.54928011061728399       0.22010160460905351       -3.9333746831275662E-002
   1.1520000000000001       0.26736610502057578        1.0983688638683131      -0.54428099950617292       0.21732432065843627       -3.8778290041152207E-002
   1.1560000000000001       0.25545983999999955        1.1069926400000005      -0.53853695999999995       0.21425664000000005       -3.8172159999999941E-002
   1.1600000000000001       0.24386502057613138        1.1148115226337449      -0.53206913580246917       0.21091028806584367       -3.7517695473250970E-002
   1.1640000000000001       0.23257696921810664        1.1218418515226343      -0.52489848098765424       0.20729686386831275       -3.6817203621399119E-002
   1.1680000000000001       0.22159103999999963        1.1280998400000002      -0.51704575999999991       0.20342783999999997       -3.6072959999999932E-002
   1.1720000000000002       0.21090261860082271        1.1336015749794244      -0.50853154765432096       0.19931456263374486       -3.5287208559670727E-002
   1.1760000000000002       0.20050712230452641        1.1383630169547327      -0.49937622913580237       0.19496825152263375       -3.4462161646090471E-002
   1.1800000000000002       0.19039999999999963        1.1424000000000001      -0.48959999999999987       0.19039999999999993       -3.3599999999999929E-002
   1.1840000000000002       0.18057673218106965        1.1457282317695474      -0.47922286617283938       0.18562077497942384       -3.2702872757201573E-002
   1.1880000000000002       0.17103283094650171        1.1483632934979426      -0.46826464395061712       0.18064141695473249       -3.1772897448559607E-002
   1.1920000000000002       0.16176383999999966        1.1503206399999999      -0.45674495999999981       0.17547263999999990       -3.0812159999999939E-002
   1.1960000000000002       0.15276533465020545        1.1516155996707818      -0.44468325135802428       0.17012503176954721       -2.9822714732510219E-002
   1.2000000000000002       0.14403292181069929        1.1522633744855968      -0.43209876543209841       0.16460905349794228       -2.8806584362139849E-002
   1.2040000000000002       0.13556223999999970        1.1522790400000000      -0.41901055999999959       0.15893503999999983       -2.7765759999999928E-002
   1.2080000000000002       0.12734895934156348        1.1516775453497941      -0.40543750320987620       0.15311319967078174       -2.6702201152263304E-002
   1.2120000000000002       0.11938878156378570        1.1504737132510288      -0.39139827358024654       0.14715361448559655       -2.5617835720164541E-002
   1.2160000000000002       0.11167743999999968        1.1486822399999999      -0.37691135999999958       0.14106623999999982       -2.4514559999999932E-002
   1.2200000000000002       0.10421069958847706        1.1463176954732508      -0.36199506172839452       0.13486090534979406       -2.3394238683127500E-002
   1.2240000000000002        9.6984356872427693E-002   1.1433945231275719      -0.34666748839506129       0.12854731325102864       -2.2258704855967006E-002
   1.2280000000000002        8.9994239999999698E-002   1.1399270400000001      -0.33094655999999945       0.12213503999999982       -2.1109759999999929E-002
   1.2320000000000002        8.3236208724279559E-002   1.1359294367078185      -0.31485000691357967       0.11563353547325081       -1.9949173991769476E-002
   1.2360000000000002        7.6706154403291912E-002   1.1314157774485596      -0.29839536987654264       0.10905212312757179       -1.8778685102880586E-002
   1.2400000000000002        7.0399999999999713E-002   1.1263999999999998      -0.28159999999999935       0.10239999999999977       -1.7599999999999932E-002
   1.2440000000000002        6.4313700082304248E-002   1.1208959157201646      -0.26448105876543143        9.5686236707818673E-002  -1.6414793744855896E-002
   1.2480000000000002        5.8443240823044994E-002   1.1149172095473250      -0.24705551802469067        8.8919777448559403E-002  -1.5224709794238614E-002
   1.2520000000000002        5.2784639999999730E-002   1.1084774399999997      -0.22934015999999924        8.2109439999999714E-002  -1.4031359999999929E-002
   1.2560000000000002        4.7333946995884515E-002   1.1015900391769542      -0.21135157728394988        7.5263915720164332E-002  -1.2836324609053429E-002
   1.2600000000000002        4.2087242798353651E-002   1.0942683127572015      -0.19310617283950537        6.8391769547324829E-002  -1.1641152263374416E-002
   1.2640000000000002        3.7040639999999757E-002   1.0865254400000000      -0.17462015999999914        6.1501439999999699E-002  -1.0447359999999932E-002
   1.2680000000000002        3.2190282798353669E-002   1.0783744737448555      -0.15590956246913493        5.4601239176954419E-002  -9.2564332510287391E-003
   1.2720000000000002        2.7532346995884534E-002   1.0698283404115223      -0.13699021432098674        4.7699352757201316E-002  -8.0698258436213283E-003
   1.2760000000000002        2.3063039999999774E-002   1.0608998399999996      -0.11787775999999905        4.0803839999999675E-002  -6.8889599999999336E-003
   1.2800000000000002        1.8778600823045045E-002   1.0516016460905346       -9.8587654320986692E-002   3.3922633744855629E-002  -5.7152263374484931E-003
   1.2840000000000003        1.4675300082304317E-002   1.0419463058436207       -7.9135162469134795E-002   2.7063540411522289E-002  -4.5499838683126913E-003
   1.2880000000000003        1.0749439999999791E-002   1.0319462399999995       -5.9535359999998982E-002   2.0234239999999650E-002  -3.3945599999999354E-003
   1.2920000000000003        6.9973544032919813E-003   1.0216137428806578       -3.9803132839505116E-002   1.3442286090534621E-002  -2.2502505349793604E-003
   1.2960000000000003        3.4154087242796445E-003   1.0109609823868304       -1.9953177283949530E-002   6.6951058436210374E-003  -1.1183196707818300E-003
   1.3000000000000003       -1.8503717077085916E-016  0.99999999999999933        1.1102230246251569E-015  -3.7007434154171891E-016   6.1679056923619700E-017
   1.3040000000000003       -3.2524431275721948E-003  0.98874271078189235        2.0042081975309781E-002  -6.6358571193419402E-003   1.1035074897119946E-003
   1.3080000000000003       -6.3454604115228052E-003  0.97720090337448506        4.0158941234569062E-002  -1.3205417613169106E-002   2.1910334156379197E-003
   1.3120000000000003       -9.2825600000001653E-003  0.96538623999999928        6.0336640000001170E-002  -1.9701760000000384E-002   3.2614400000000572E-003
   1.3160000000000003       -1.2067218436214147E-002  0.95331025646090461        8.0561430123458011E-002  -2.6118089218107390E-002   4.3136210699589034E-003
   1.3200000000000003       -1.4702880658436366E-002  0.94098436213991710       0.10081975308642101       -3.2447736625514804E-002   5.3465020576132236E-003
   1.3240000000000003       -1.7192960000000142E-002  0.92841983999999922       0.12109824000000126       -3.8684160000000398E-002   6.3590400000000519E-003
   1.3280000000000003       -1.9540838189300545E-002  0.91562784658436147       0.14138371160493957       -4.4820943539095041E-002   7.3502235390947007E-003
   1.3320000000000003       -2.1749865349794367E-002  0.90261941201646012       0.16166317827160623       -5.0851797860082711E-002   8.3190729218107495E-003
   1.3360000000000003       -2.3823360000000123E-002  0.88940543999999899       0.18192384000000131       -5.6770560000000400E-002   9.2646400000000479E-003
   1.3400000000000003       -2.5764609053498054E-002  0.87599670781892913       0.20215308641975444       -6.2571193415638271E-002   1.0186008230452723E-002
   1.3440000000000003       -2.7576867818930151E-002  0.86240386633744781       0.22233849679012482       -6.8247787983539490E-002   1.1082292674897165E-002
   1.3480000000000003       -2.9263360000000099E-002  0.84863743999999919       0.24246784000000138       -7.3794560000000398E-002   1.1952640000000042E-002
   1.3520000000000003       -3.0827277695473339E-002  0.83470782683127476       0.26252907456790264       -7.9205852181070360E-002   1.2796228477366296E-002
   1.3560000000000003       -3.2271781399177045E-002  0.82062529843621290       0.28251034864197672       -8.4476133662551828E-002   1.3612267983539135E-002
   1.3600000000000003       -3.3600000000000081E-002  0.80639999999999901       0.30240000000000145       -8.9600000000000415E-002   1.4400000000000036E-002
   1.3640000000000003       -3.4815030781893075E-002  0.79204195028806479       0.32218655604938418       -9.4572173168724655E-002   1.5158697613168756E-002
   1.3680000000000003       -3.5919939423868376E-002  0.77756104164608952       0.34185873382716203       -9.9387501563786396E-002   1.5887665514403324E-002
   1.3720000000000003       -3.6917760000000056E-002  0.76296703999999893       0.36140544000000147      -0.10404096000000036        1.6586240000000026E-002
   1.3760000000000003       -3.7811494979423918E-002  0.74826958485596606       0.38081577086419904      -0.10852764971193454        1.7253788971193441E-002
   1.3800000000000003       -3.8604115226337485E-002  0.73347818930041031       0.40007901234568038      -0.11284279835390981        1.7889711934156401E-002
   1.3840000000000003       -3.9298560000000038E-002  0.71860223999999895       0.41918464000000150      -0.11698176000000036        1.8493440000000021E-002
   1.3880000000000003       -3.9897736954732539E-002  0.70365099720164492       0.43812231901234716      -0.12094001514403328        1.9064435884773683E-002
   1.3920000000000003       -4.0404522139917728E-002  0.68863359473250907       0.45688190419753233      -0.12471317069958880        1.9602193909465038E-002
   1.3960000000000004       -4.0821760000000019E-002  0.67355903999999889       0.47545344000000150      -0.12829696000000032        2.0106240000000015E-002
   1.4000000000000004       -4.1152263374485604E-002  0.65843621399176844       0.49382716049382874      -0.13168724279835423        2.0576131687242812E-002
   1.4040000000000004       -4.1398813497942388E-002  0.64327387127571889       0.51199348938271749      -0.13488000526749003        2.1011458106995888E-002
   1.4080000000000004       -4.1564159999999996E-002  0.62808063999999875       0.52994304000000136      -0.13787136000000033        2.1411840000000001E-002
   1.4120000000000004       -4.1651020905349792E-002  0.61286502189300307       0.54766661530864347      -0.14065754600823074        2.1776929711934154E-002
   1.4160000000000004       -4.1662082633744844E-002  0.59763539226337314       0.56515520790123608      -0.14323492872428012        2.2106411193415634E-002
   1.4200000000000004       -4.1599999999999984E-002  0.58239999999999881       0.58240000000000158      -0.14560000000000028        2.2399999999999996E-002
   1.4240000000000004       -4.1467396213991745E-002  0.56716696757201523       0.59939236345679159      -0.14774937810699615        2.2657443292181060E-002
   1.4280000000000004       -4.1266862880658409E-002  0.55194429102880527       0.61612385975308770      -0.14967980773662573        2.2878519835390933E-002
   1.4320000000000004       -4.1000959999999961E-002  0.53673983999999875       0.63258624000000152      -0.15138816000000022        2.3063039999999986E-002
   1.4360000000000004       -4.0672215967078151E-002  0.52156135769547207       0.64877144493827299      -0.15287143242798373        2.3210845761316854E-002
   1.4400000000000004       -4.0283127572016422E-002  0.50641646090534842       0.66467160493827304      -0.15412674897119361        2.3321810699588452E-002
   1.4440000000000004       -3.9836159999999954E-002  0.49131263999999863       0.68027904000000150      -0.15515136000000018        2.3395839999999977E-002
   1.4480000000000004       -3.9333746831275669E-002  0.47625725893003984       0.69558625975308785      -0.15594264230452690        2.3432870452674875E-002
   1.4520000000000004       -3.8778290041152200E-002  0.46125755522633616       0.71058596345679148      -0.15649809909465034        2.3432870452674868E-002
   1.4560000000000004       -3.8172159999999934E-002  0.44632063999999871       0.72527104000000142      -0.15681536000000015        2.3395839999999963E-002
   1.4600000000000004       -3.7517695473250956E-002  0.43145349794238552       0.73963456790123605      -0.15689218106995895        2.3321810699588441E-002
   1.4640000000000004       -3.6817203621399112E-002  0.41666298732510154       0.75366981530864319      -0.15672644477366265        2.3210845761316830E-002
   1.4680000000000004       -3.6072959999999932E-002  0.40195583999999862       0.76737024000000120      -0.15631616000000004        2.3063039999999958E-002
   1.4720000000000004       -3.5287208559670699E-002  0.38733866139917572       0.78072948938271736      -0.15565946205761319        2.2878519835390899E-002
   1.4760000000000004       -3.4462161646090457E-002  0.37281793053497808       0.79374140049382846      -0.15475461267489712        2.2657443292181018E-002
   1.4800000000000004       -3.3599999999999915E-002  0.35839999999999866       0.80640000000000123      -0.15360000000000001        2.2399999999999944E-002
   1.4840000000000004       -3.2702872757201559E-002  0.34409109596707688       0.81869950419753201      -0.15219413860082301        2.2106411193415582E-002
   1.4880000000000004       -3.1772897448559573E-002  0.32989731818929913       0.83063431901234674      -0.15053566946502051        2.1776929711934092E-002
   1.4920000000000004       -3.0812159999999898E-002  0.31582463999999866       0.84219904000000112      -0.14862335999999993        2.1411839999999939E-002
   1.4960000000000004       -2.9822714732510181E-002  0.30187890831275588       0.85338845234568017      -0.14645610403292167        2.1011458106995822E-002
   1.5000000000000004       -2.8806584362139818E-002  0.28806584362139781       0.86419753086419870      -0.14403292181069946        2.0576131687242729E-002
   1.5040000000000004       -2.7765759999999896E-002  0.27439103999999870       0.87462144000000119      -0.14135295999999983        2.0106239999999928E-002
   1.5080000000000005       -2.6702201152263266E-002  0.26085996510287940       0.88465553382716167      -0.13841549168724260        1.9602193909464948E-002
   1.5120000000000005       -2.5617835720164496E-002  0.24747796016460771       0.89429535604938382      -0.13521991637860059        1.9064435884773582E-002
   1.5160000000000005       -2.4514559999999887E-002  0.23425023999999869       0.90353664000000111      -0.13176575999999976        1.8493439999999920E-002
   1.5200000000000005       -2.3394238683127455E-002  0.22118189300411398       0.91237530864197636      -0.12805267489711905        1.7889711934156293E-002
   1.5240000000000005       -2.2258704855966961E-002  0.20827788115226206       0.92080747456790224      -0.12408043983539059        1.7253788971193326E-002
   1.5280000000000005       -2.1109759999999884E-002  0.19554303999999870       0.92882944000000101      -0.11984895999999966        1.6586239999999912E-002
   1.5320000000000005       -1.9949173991769428E-002  0.18298207868312630       0.93643769679012412      -0.11535826699588439        1.5887665514403199E-002
   1.5360000000000005       -1.8778685102880537E-002  0.17059957991769423       0.94362892641975393      -0.11060851884773620        1.5158697613168631E-002
   1.5400000000000005       -1.7599999999999880E-002  0.15839999999999874       0.95040000000000069      -0.10559999999999956        1.4399999999999904E-002
   1.5440000000000005       -1.6414793744855841E-002  0.14638766880658310       0.95674797827160563      -0.10033312131687193        1.3612267983538996E-002
   1.5480000000000005       -1.5224709794238558E-002  0.13456678979423745       0.96267011160493898       -9.4808420082304015E-002   1.2796228477366153E-002
   1.5520000000000005       -1.4031359999999871E-002  0.12294143999999881       0.96816384000000089       -8.9026559999999463E-002   1.1952639999999895E-002
   1.5560000000000005       -1.2836324609053368E-002  0.11151557004115105       0.97322679308642046       -8.2988331193415060E-002   1.1082292674897012E-002
   1.5600000000000005       -1.1641152263374359E-002  0.10029300411522515       0.97785679012345739       -7.6694650205760703E-002   1.0186008230452568E-002
   1.5640000000000005       -1.0447359999999873E-002   8.9277439999998848E-002  0.98205184000000045       -7.0146559999999358E-002   9.2646399999998900E-003
   1.5680000000000005       -9.2564332510286767E-003   7.8472449053496804E-002  0.98581014123456845       -6.3345229958847060E-002   8.3190729218105899E-003
   1.5720000000000005       -8.0698258436212710E-003   6.7881476213990641E-002  0.98913008197530905       -5.6291955884772940E-002   7.3502235390945359E-003
   1.5760000000000005       -6.8889599999998703E-003   5.7507839999998894E-002  0.99201024000000027       -4.8988159999999240E-002   6.3590399999998845E-003
   1.5800000000000005       -5.7152263374484306E-003   4.7354732510286969E-002  0.99444938271604943       -4.1435390946501255E-002   5.3465020576130519E-003
   1.5840000000000005       -4.5499838683126289E-003   3.7425219423867236E-002  0.99644646716049390       -3.3635323786007393E-002   4.3136210699587290E-003
   1.5880000000000005       -3.3945599999998730E-003   2.7722239999998951E-002  0.99800064000000022       -2.5589759999999125E-002   3.2614399999998807E-003
   1.5920000000000005       -2.2502505349792979E-003   1.8248607078188268E-002  0.99911123753086439       -1.7300627489711028E-002   2.1910334156377389E-003
   1.5960000000000005       -1.1183196707817682E-003   9.0070070781882918E-003  0.99977778567901243       -8.7699805761307370E-003   1.1035074897118116E-003
   1.6000000000000005        1.2335811384723945E-016  -9.8686491077791500E-016   1.0000000000000000        9.8686491077791874E-016  -1.2335811384723950E-016
   1.6040000000000005        1.1035074897120559E-003  -8.7699805761326521E-003  0.99977778567901232        9.0070070781903249E-003  -1.1183196707820172E-003
   1.6080000000000005        2.1910334156379800E-003  -1.7300627489712873E-002  0.99911123753086417        1.8248607078190364E-002  -2.2502505349795490E-003
   1.6120000000000005        3.2614400000001197E-003  -2.5589760000000916E-002  0.99800063999999988        2.7722240000001105E-002  -3.3945600000001254E-003
   1.6160000000000005        4.3136210699589641E-003  -3.3635323786009128E-002  0.99644646716049379        3.7425219423869442E-002  -4.5499838683128830E-003
   1.6200000000000006        5.3465020576132834E-003  -4.1435390946502927E-002  0.99444938271604910        4.7354732510289245E-002  -5.7152263374486848E-003
   1.6240000000000006        6.3590400000001126E-003  -4.8988160000000829E-002  0.99201023999999938        5.7507840000001226E-002  -6.8889600000001244E-003
   1.6280000000000006        7.3502235390947596E-003  -5.6291955884774467E-002  0.98913008197530838        6.7881476213993028E-002  -8.0698258436215260E-003
   1.6320000000000006        8.3190729218108068E-003  -6.3345229958848517E-002  0.98581014123456756        7.8472449053499246E-002  -9.2564332510289317E-003
   1.6360000000000006        9.2646400000001069E-003  -7.0146560000000746E-002  0.98205183999999945        8.9277440000001332E-002  -1.0447360000000122E-002
   1.6400000000000006        1.0186008230452777E-002  -7.6694650205762036E-002  0.97785679012345605       0.10029300411522772       -1.1641152263374609E-002
   1.6440000000000006        1.1082292674897217E-002  -8.2988331193416323E-002  0.97322679308641913       0.11151557004115369       -1.2836324609053620E-002
   1.6480000000000006        1.1952640000000096E-002  -8.9026560000000657E-002  0.96816383999999911       0.12294144000000148       -1.4031360000000119E-002
   1.6520000000000006        1.2796228477366348E-002  -9.4808420082305167E-002  0.96267011160493743       0.13456678979424019       -1.5224709794238801E-002
   1.6560000000000006        1.3612267983539185E-002 -0.10033312131687303       0.95674797827160396       0.14638766880658591       -1.6414793744856084E-002
   1.6600000000000006        1.4400000000000085E-002 -0.10560000000000055       0.95039999999999902       0.15840000000000157       -1.7600000000000116E-002
   1.6640000000000006        1.5158697613168804E-002 -0.11060851884773716       0.94362892641975227       0.17059957991769709       -1.8778685102880770E-002
   1.6680000000000006        1.5887665514403373E-002 -0.11535826699588526       0.93643769679012223       0.18298207868312924       -1.9949173991769657E-002
   1.6720000000000006        1.6586240000000075E-002 -0.11984896000000048       0.92882943999999878       0.19554304000000169       -2.1109760000000109E-002
   1.6760000000000006        1.7253788971193482E-002 -0.12408043983539137       0.92080747456790002       0.20827788115226514       -2.2258704855967187E-002
   1.6800000000000006        1.7889711934156442E-002 -0.12805267489711974       0.91237530864197391       0.22118189300411700       -2.3394238683127670E-002
   1.6840000000000006        1.8493440000000059E-002 -0.13176576000000034       0.90353663999999856       0.23425024000000180       -2.4514560000000098E-002
   1.6880000000000006        1.9064435884773717E-002 -0.13521991637860117       0.89429535604938126       0.24747796016461091       -2.5617835720164701E-002
   1.6920000000000006        1.9602193909465073E-002 -0.13841549168724307       0.88465553382715889       0.26085996510288256       -2.6702201152263461E-002
   1.6960000000000006        2.0106240000000046E-002 -0.14135296000000028       0.87462143999999820       0.27439104000000192       -2.7765760000000084E-002
   1.7000000000000006        2.0576131687242837E-002 -0.14403292181069985       0.86419753086419593       0.28806584362140114       -2.8806584362139998E-002
   1.7040000000000006        2.1011458106995919E-002 -0.14645610403292200       0.85338845234567717       0.30187890831275926       -2.9822714732510362E-002
   1.7080000000000006        2.1411840000000033E-002 -0.14862336000000015       0.84219903999999801       0.31582464000000204       -3.0812160000000064E-002
   1.7120000000000006        2.1776929711934182E-002 -0.15053566946502073       0.83063431901234375       0.32989731818930246       -3.1772897448559739E-002
   1.7160000000000006        2.2106411193415658E-002 -0.15219413860082315       0.81869950419752879       0.34409109596708026       -3.2702872757201705E-002
   1.7200000000000006        2.2400000000000014E-002 -0.15360000000000004       0.80639999999999801       0.35840000000000211       -3.3600000000000060E-002
   1.7240000000000006        2.2657443292181081E-002 -0.15475461267489712       0.79374140049382491       0.37281793053498158       -3.4462161646090582E-002
   1.7280000000000006        2.2878519835390951E-002 -0.15565946205761311       0.78072948938271391       0.38733866139917911       -3.5287208559670817E-002
   1.7320000000000007        2.3063039999999993E-002 -0.15631615999999993       0.76737023999999765       0.40195584000000223       -3.6072960000000022E-002
   1.7360000000000007        2.3210845761316861E-002 -0.15672644477366246       0.75366981530863975       0.41666298732510521       -3.6817203621399210E-002
   1.7400000000000007        2.3321810699588462E-002 -0.15689218106995872       0.73963456790123216       0.43145349794238924       -3.7517695473251039E-002
   1.7440000000000007        2.3395839999999977E-002 -0.15681535999999982       0.72527103999999754       0.44632064000000227       -3.8172160000000004E-002
   1.7480000000000007        2.3432870452674875E-002 -0.15649809909464996       0.71058596345678759       0.46125755522633977       -3.8778290041152269E-002
   1.7520000000000007        2.3432870452674864E-002 -0.15594264230452648       0.69558625975308386       0.47625725893004350       -3.9333746831275711E-002
   1.7560000000000007        2.3395839999999959E-002 -0.15515135999999968       0.68027903999999717       0.49131264000000252       -3.9836159999999968E-002
   1.7600000000000007        2.3321810699588438E-002 -0.15412674897119305       0.66467160493826882       0.50641646090535231       -4.0283127572016422E-002
   1.7640000000000007        2.3210845761316823E-002 -0.15287143242798315       0.64877144493826877       0.52156135769547562       -4.0672215967078151E-002
   1.7680000000000007        2.3063039999999941E-002 -0.15138815999999961       0.63258623999999708       0.53673984000000252       -4.1000959999999941E-002
   1.7720000000000007        2.2878519835390881E-002 -0.14967980773662506       0.61612385975308348       0.55194429102880915       -4.1266862880658367E-002
   1.7760000000000007        2.2657443292181001E-002 -0.14774937810699540       0.59939236345678715       0.56716696757201901       -4.1467396213991689E-002
   1.7800000000000007        2.2399999999999923E-002 -0.14559999999999945       0.58239999999999681       0.58240000000000247       -4.1599999999999908E-002
   1.7840000000000007        2.2106411193415557E-002 -0.14323492872427923       0.56515520790123130       0.59763539226337703       -4.1662082633744747E-002
   1.7880000000000007        2.1776929711934064E-002 -0.14065754600822986       0.54766661530863880       0.61286502189300673       -4.1651020905349674E-002
   1.7920000000000007        2.1411839999999911E-002 -0.13787135999999936       0.52994303999999659       0.62808064000000252       -4.1564159999999864E-002
   1.7960000000000007        2.1011458106995781E-002 -0.13488000526748903       0.51199348938271261       0.64327387127572289       -4.1398813497942236E-002
   1.8000000000000007        2.0576131687242687E-002 -0.13168724279835320       0.49382716049382380       0.65843621399177221       -4.1152263374485430E-002
   1.8040000000000007        2.0106239999999890E-002 -0.12829695999999924       0.47545343999999651       0.67355904000000266       -4.0821759999999825E-002
   1.8080000000000007        1.9602193909464903E-002 -0.12471317069958768       0.45688190419752722       0.68863359473251284       -4.0404522139917493E-002
   1.8120000000000007        1.9064435884773537E-002 -0.12094001514403210       0.43812231901234217       0.70365099720164870       -3.9897736954732289E-002
   1.8160000000000007        1.8493439999999865E-002 -0.11698175999999912       0.41918463999999633       0.71860224000000261       -3.9298559999999760E-002
   1.8200000000000007        1.7889711934156241E-002 -0.11284279835390855       0.40007901234567522       0.73347818930041409       -3.8604115226337200E-002
   1.8240000000000007        1.7253788971193271E-002 -0.10852764971193321       0.38081577086419371       0.74826958485596984       -3.7811494979423606E-002
   1.8280000000000007        1.6586239999999846E-002 -0.10404095999999903       0.36140543999999619       0.76296704000000282       -3.6917759999999716E-002
   1.8320000000000007        1.5887665514403133E-002  -9.9387501563784994E-002  0.34185873382715659       0.77756104164609341       -3.5919939423868008E-002
   1.8360000000000007        1.5158697613168562E-002  -9.4572173168723225E-002  0.32218655604937879       0.79204195028806845       -3.4815030781892686E-002
   1.8400000000000007        1.4399999999999830E-002  -8.9599999999998944E-002  0.30239999999999612       0.80640000000000267       -3.3599999999999651E-002
   1.8440000000000007        1.3612267983538920E-002  -8.4476133662550329E-002  0.28251034864197128       0.82062529843621679       -3.2271781399176580E-002
   1.8480000000000008        1.2796228477366070E-002  -7.9205852181068820E-002  0.26252907456789720       0.83470782683127853       -3.0827277695472863E-002
   1.8520000000000008        1.1952639999999811E-002  -7.3794559999998816E-002  0.24246783999999591       0.84863744000000274       -2.9263359999999586E-002
   1.8560000000000008        1.1082292674896927E-002  -6.8247787983537880E-002  0.22233849679011930       0.86240386633745125       -2.7576867818929606E-002
   1.8600000000000008        1.0186008230452475E-002  -6.2571193415636633E-002  0.20215308641974891       0.87599670781893269       -2.5764609053497485E-002
   1.8640000000000008        9.2646399999997964E-003  -5.6770559999998735E-002  0.18192383999999581       0.88940544000000266       -2.3823359999999516E-002
   1.8680000000000008        8.3190729218104893E-003  -5.0851797860081011E-002  0.16166317827160068       0.90261941201646367       -2.1749865349793729E-002
   1.8720000000000008        7.3502235390944344E-003  -4.4820943539093334E-002  0.14138371160493399       0.91562784658436469       -1.9540838189299876E-002
   1.8760000000000008        6.3590399999997804E-003  -3.8684159999998656E-002  0.12109823999999567       0.92841984000000277       -1.7192959999999435E-002
   1.8800000000000008        5.3465020576129443E-003  -3.2447736625513035E-002  0.10081975308641541       0.94098436213992021       -1.4702880658435620E-002
   1.8840000000000008        4.3136210699586180E-003  -2.6118089218105597E-002   8.0561430123452418E-002  0.95331025646090817       -1.2067218436213370E-002
   1.8880000000000008        3.2614399999997662E-003  -1.9701759999998580E-002   6.0336639999995605E-002  0.96538624000000250       -9.2825599999993517E-003
   1.8920000000000008        2.1910334156376218E-003  -1.3205417613167285E-002   4.0158941234563497E-002  0.97720090337448817       -6.3454604115219543E-003
   1.8960000000000008        1.1035074897116914E-003  -6.6358571193401040E-003   2.0042081975304219E-002  0.98874271078189524       -3.2524431275713079E-003
   1.9000000000000008       -2.4671622769447954E-016   1.4802973661668768E-015  -4.4408920985006270E-015   1.0000000000000024        7.4014868308343999E-016
   1.9040000000000008       -1.1183196707821436E-003   6.6951058436228970E-003  -1.9953177283955067E-002   1.0109609823868340        3.4154087242806068E-003
   1.9080000000000008       -2.2502505349796783E-003   1.3442286090536496E-002  -3.9803132839510633E-002   1.0216137428806609        6.9973544032929857E-003
   1.9120000000000008       -3.3945600000002581E-003   2.0234240000001534E-002  -5.9535360000004464E-002   1.0319462400000023        1.0749440000000837E-002
   1.9160000000000008       -4.5499838683130175E-003   2.7063540411524180E-002  -7.9135162469140277E-002   1.0419463058436236        1.4675300082305397E-002
   1.9200000000000008       -5.7152263374488244E-003   3.3922633744857530E-002  -9.8587654320992132E-002   1.0516016460905373        1.8778600823046179E-002
   1.9240000000000008       -6.8889600000002684E-003   4.0803840000001576E-002 -0.11787776000000447        1.0608998400000023        2.3063040000000947E-002
   1.9280000000000008       -8.0698258436216683E-003   4.7699352757203231E-002 -0.13699021432099212        1.0698283404115247        2.7532346995885758E-002
   1.9320000000000008       -9.2564332510290791E-003   5.4601239176956320E-002 -0.15590956246914026        1.0783744737448580        3.2190282798354924E-002
   1.9360000000000008       -1.0447360000000273E-002   6.1501440000001593E-002 -0.17462016000000444        1.0865254400000017        3.7040640000001061E-002
   1.9400000000000008       -1.1641152263374761E-002   6.8391769547326703E-002 -0.19310617283951056        1.0942683127572035        4.2087242798354997E-002
   1.9440000000000008       -1.2836324609053776E-002   7.5263915720166205E-002 -0.21135157728395501        1.1015900391769564        4.7333946995885910E-002
   1.9480000000000008       -1.4031360000000279E-002   8.2109440000001588E-002 -0.22934016000000437        1.1084774400000021        5.2784640000001180E-002
   1.9520000000000008       -1.5224709794238962E-002   8.8919777448561263E-002 -0.24705551802469566        1.1149172095473270        5.8443240823046493E-002
   1.9560000000000008       -1.6414793744856247E-002   9.5686236707820532E-002 -0.26448105876543637        1.1208959157201663        6.4313700082305802E-002
   1.9600000000000009       -1.7600000000000282E-002  0.10240000000000160      -0.28160000000000424        1.1264000000000016        7.0400000000001295E-002
   1.9640000000000009       -1.8778685102880940E-002  0.10905212312757361      -0.29839536987654747        1.1314157774485611        7.6706154403293536E-002
   1.9680000000000009       -1.9949173991769827E-002  0.11563353547325260      -0.31485000691358439        1.1359294367078205        8.3236208724281224E-002
   1.9720000000000009       -2.1109760000000276E-002  0.12213504000000157      -0.33094656000000405        1.1399270400000014        8.9994240000001433E-002
   1.9760000000000009       -2.2258704855967357E-002  0.12854731325103036      -0.34666748839506584        1.1433945231275733        9.6984356872429470E-002
   1.9800000000000009       -2.3394238683127847E-002  0.13486090534979583      -0.36199506172839913        1.1463176954732524       0.10421069958847891     
   1.9840000000000009       -2.4514560000000275E-002  0.14106624000000154      -0.37691136000000397        1.1486822400000012       0.11167744000000161     
   1.9880000000000009       -2.5617835720164881E-002  0.14715361448559824      -0.39139827358025081        1.1504737132510301       0.11938878156378765     
   1.9920000000000009       -2.6702201152263644E-002  0.15311319967078341      -0.40543750320988042        1.1516775453497952       0.12734895934156548     
   1.9960000000000009       -2.7765760000000268E-002  0.15893504000000147      -0.41901056000000375        1.1522790400000009       0.13556224000000175     
   2.0000000000000009       -2.8806584362140182E-002  0.16460905349794386      -0.43209876543210241        1.1522633744855977       0.14403292181070140     
   2.0040000000000009       -2.9822714732510542E-002  0.17012503176954877      -0.44468325135802828        1.1516155996707822       0.15276533465020761     
   2.0080000000000009       -3.0812160000000255E-002  0.17547264000000140      -0.45674496000000342        1.1503206400000001       0.16176384000000191     
   2.0120000000000009       -3.1772897448559913E-002  0.18064141695473393      -0.46826464395062073        1.1483632934979426       0.17103283094650401     
   2.0160000000000009       -3.2702872757201892E-002  0.18562077497942522      -0.47922286617284271        1.1457282317695472       0.18057673218107201     
   2.0200000000000009       -3.3600000000000248E-002  0.19040000000000132      -0.48960000000000320        1.1424000000000001       0.19040000000000210     
   2.0240000000000009       -3.4462161646090769E-002  0.19496825152263500      -0.49937622913580554        1.1383630169547323       0.20050712230452891     
   2.0280000000000009       -3.5287208559671004E-002  0.19931456263374608      -0.50853154765432396        1.1336015749794237       0.21090261860082526     
   2.0320000000000009       -3.6072960000000223E-002  0.20342784000000119      -0.51704576000000280        1.1280998399999997       0.22159104000000224     
   2.0360000000000009       -3.6817203621399383E-002  0.20729686386831386      -0.52489848098765701        1.1218418515226332       0.23257696921810930     
   2.0400000000000009       -3.7517695473251234E-002  0.21091028806584472      -0.53206913580247184        1.1148115226337443       0.24386502057613410     
   2.0440000000000009       -3.8172160000000184E-002  0.21425664000000103      -0.53853696000000251        1.1069926399999990       0.25545984000000249     
   2.0480000000000009       -3.8778290041152443E-002  0.21732432065843718      -0.54428099950617514        1.0983688638683116       0.26736610502057867     
   2.0520000000000009       -3.9333746831275884E-002  0.22010160460905437      -0.54928011061728599        1.0889237280658421       0.27958852477366514     
   2.0560000000000009       -3.9836160000000169E-002  0.22257664000000091      -0.55351296000000194        1.0786406399999984       0.29213184000000270     
   2.0600000000000009       -4.0283127572016603E-002  0.22473744855967154      -0.55695802469135980        1.0675028806584346       0.30500082304527026     
   2.0640000000000009       -4.0672215967078325E-002  0.22657192559670850      -0.55959359209876702        1.0554936046090517       0.31820027786008520     
   2.0680000000000009       -4.1000960000000114E-002  0.22806784000000063      -0.56139776000000141        1.0425958399999982       0.33173504000000298     
   2.0720000000000010       -4.1266862880658547E-002  0.22921283423868372      -0.56234843654321121        1.0287924885596686       0.34560997662551740     
   2.0760000000000010       -4.1467396213991856E-002  0.22999442436214040      -0.56242334024691454        1.0140663255967055       0.35982998650206061     
   2.0800000000000010       -4.1600000000000081E-002  0.23040000000000041      -0.56160000000000088       0.99839999999999762       0.37440000000000317     
   2.0840000000000010       -4.1662082633744914E-002  0.23041682436214025      -0.55985575506172902       0.98177603423867998       0.38932497909465341     
   2.0880000000000010       -4.1651020905349841E-002  0.23003203423868335      -0.55716775506172878       0.96417682436213692       0.40460991736625834     
   2.0920000000000010       -4.1564160000000031E-002  0.22923264000000013      -0.55351296000000016       0.94558463999999665       0.42025984000000338     
   2.0960000000000010       -4.1398813497942409E-002  0.22800552559670789      -0.54886814024691355       0.92598162436213638       0.43627980378601167     
   2.1000000000000010       -4.1152263374485597E-002  0.22633744855967072      -0.54320987654320951       0.90534979423867934       0.45267489711934500     
   2.1040000000000010       -4.0821759999999985E-002  0.22421503999999987      -0.53651455999999964       0.88367103999999597       0.46945024000000368     
   2.1080000000000010       -4.0404522139917645E-002  0.22162480460905323      -0.52875839209876463       0.86092712559670337       0.48661098403292558     
   2.1120000000000010       -3.9897736954732449E-002  0.21855312065843588      -0.51991738469135695       0.83709968855966621       0.50416231242798737     
   2.1160000000000010       -3.9298559999999906E-002  0.21498623999999950      -0.50996735999999865       0.81217023999999527       0.52210944000000392     
   2.1200000000000010       -3.8604115226337346E-002  0.21091028806584303      -0.49888395061728247       0.78612016460904821       0.54045761316872820     
   2.1240000000000010       -3.7811494979423745E-002  0.20631126386831200      -0.48664259950617100       0.75893072065843104       0.55921210995885184     
   2.1280000000000010       -3.6917759999999848E-002  0.20117503999999914      -0.47321855999999785       0.73058303999999441       0.57837824000000415     
   2.1320000000000010       -3.5919939423868133E-002  0.19548736263374389      -0.45858689580246675       0.70105812806583767       0.59796134452675331     
   2.1360000000000010       -3.4815030781892804E-002  0.18923385152263264      -0.44272248098765149       0.67033686386830660       0.61796679637860508     
   2.1400000000000010       -3.3599999999999776E-002  0.18239999999999870      -0.42559999999999693       0.63839999999999353       0.63840000000000441     
   2.1440000000000010       -3.2271781399176698E-002  0.17497117497942244      -0.40719394765431760       0.60522816263373802       0.65926639144033372     
   2.1480000000000010       -3.0827277695472961E-002  0.16693261695473094      -0.38747862913579872       0.57080185152262664       0.68057143835391409     
   2.1520000000000010       -2.9263359999999686E-002  0.15826943999999829      -0.36642815999999595       0.53510143999999260       0.70232064000000471     
   2.1560000000000010       -2.7576867818929700E-002  0.14896663176954547      -0.34401646617283516       0.49810717497941609       0.72451952724280322     
   2.1600000000000010       -2.5764609053497565E-002  0.13900905349794035      -0.32021728395061250       0.45979917695472455       0.74717366255144524     
   2.1640000000000010       -2.3823359999999592E-002  0.12838143999999779      -0.29500415999999491       0.42015743999999161       0.77028864000000519     
   2.1680000000000010       -2.1749865349793795E-002  0.11706839967077952      -0.26835045135801916       0.37916183176953849       0.79387008526749481     
   2.1720000000000010       -1.9540838189299938E-002  0.10505441448559413      -0.24022932543209286       0.33679209349793326       0.81792365563786540     
   2.1760000000000010       -1.7192959999999494E-002   9.2323839999997284E-002 -0.21061375999999374       0.29302783999999049       0.84245504000000548     
   2.1800000000000010       -1.4702880658435669E-002   7.8860905349791316E-002 -0.17947654320986986       0.24784855967077205       0.86746995884774225     
   2.1840000000000011       -1.2067218436213410E-002   6.4649713251025684E-002 -0.14679027358023980       0.20123361448558647       0.89297416427984111     
   2.1880000000000011       -9.2825599999993812E-003   4.9674239999996671E-002 -0.11252735999999246       0.15316223999998935       0.91897344000000580     
